.Random.seed <-
c(403L, 10L, -1402763204L, 176775039L, 1659835605L, -1757714196L, 
-161963454L, 1239688605L, -1399767017L, -836438658L, -130725064L, 
1709503515L, 2123050361L, 69712840L, -2010470410L, -1004967375L, 
-848888733L, 718308402L, -17415804L, -2027542585L, -1266898275L, 
1254611476L, -716810054L, -1226201851L, 143879903L, -1688358042L, 
1179947760L, 18444819L, -36004943L, -220461472L, 1373045758L, 
-952394871L, -1681412933L, 191449226L, -288990356L, 365052143L, 
989727525L, -673532452L, -1548536910L, 1470257837L, -718089625L, 
-1328828018L, 1129641576L, 1273209451L, 544291849L, 1937277592L, 
1072526790L, 510891297L, 2067666355L, 2019205410L, -315270380L, 
1788453783L, -243201139L, -1862232412L, -120350582L, -805953803L, 
-529039025L, -381260202L, 849016064L, 1804767299L, -768359455L, 
-1207977136L, 1549815214L, 1482261337L, -1524192917L, -715263782L, 
104085916L, -1470708321L, 1776482293L, -1934657908L, 1131717474L, 
-134214851L, 1053596599L, 1024741470L, -241627752L, -1941137157L, 
-1290181479L, 905815336L, 173024214L, -1479419823L, 203815683L, 
756718226L, -910391260L, -1906960665L, 659819325L, 2071745460L, 
-1638932454L, -395107483L, 772595199L, 1583960198L, -906503152L, 
935362227L, -195818159L, 1756316928L, 261091294L, -481006551L, 
-768685093L, -1885589270L, 1443225228L, -1406148145L, 1501885829L, 
172559932L, -851049710L, -1982603251L, 722223943L, -349931218L, 
-1072058232L, -1343629941L, -532427415L, 1164787512L, 1024434662L, 
-276646527L, 1537698067L, -460511550L, 321274228L, 1270258039L, 
1823746669L, -1881545468L, 1118928938L, 1204149653L, -1005772241L, 
1343369014L, 1034760032L, 775624099L, -977559871L, 1393301168L, 
-1247637042L, -1492400839L, 1073256779L, 2081909498L, 403327996L, 
101837887L, -1927826155L, 1908678188L, 691315458L, 1189732317L, 
1120295639L, -332573250L, -1394102280L, -79336485L, 1199408697L, 
-1930907768L, 984739638L, 1303063921L, 229722019L, -328921358L, 
678712900L, 1731975431L, 377258205L, 1944634836L, -190637830L, 
494207045L, 1478420639L, 1513927206L, -1669921104L, 1420454739L, 
-81099151L, 807873440L, -1989559490L, -261225911L, -468715781L, 
2076772042L, 1708570668L, 1170169903L, -58941211L, 1908689308L, 
-853986318L, -115085715L, -1418503257L, -2137872946L, -713026776L, 
1960229163L, -1535179959L, 1393191000L, 1765838086L, 327698657L, 
-2146525069L, 771603682L, 569240660L, -390049449L, -1819332275L, 
248415460L, 2133432522L, -594381515L, -495068273L, 1112055958L, 
961298496L, 854124803L, 341099809L, -1608006128L, -658721298L, 
-1723471463L, 620733995L, 684109594L, 1196324316L, 1427102687L, 
-1601721419L, -657025716L, -1331649630L, 1841367805L, 669250551L, 
-691516130L, -1660948520L, -202743493L, 51967705L, 872082024L, 
-1755415658L, -1848778991L, 386042051L, 306010322L, 2042092900L, 
433414311L, 463173117L, -1669126156L, 2067017946L, 1300316709L, 
-1256169665L, -1478873914L, 2020991312L, -2047594125L, 155040657L, 
1941302720L, -1501976674L, -1034225303L, 1884887451L, 1231613098L, 
-250234164L, 945013647L, -1805895739L, -990320140L, -642934136L, 
2119846714L, 1563962704L, -1489654676L, -589945452L, -1707065262L, 
361364960L, -1184623412L, -216957280L, 1520988546L, -1003865880L, 
-924534036L, 615531836L, -1237593998L, -2093870480L, -1998443996L, 
1566562360L, -1516426982L, -1694219056L, -547321540L, 81691540L, 
2051585922L, 1059507136L, 1493935676L, -240754288L, -1553164254L, 
1918297352L, 243521676L, 1606004508L, -752249710L, -1515719296L, 
-1461440492L, -1732782296L, 280167994L, 414126544L, -1833379476L, 
-2097368140L, -934696430L, 816932832L, 365971916L, -1756899104L, 
2072636450L, -1299459288L, 309910028L, -1913773252L, 709812210L, 
-1702210832L, -946357692L, -121737640L, -1427081414L, 837095408L, 
-280870212L, 1961415956L, -873014078L, 900451424L, 534082940L, 
-1607069744L, -207191774L, 1431983784L, 685135756L, -837184324L, 
-1312765134L, 1568736832L, 1390900404L, 68789320L, 1221240250L, 
1046555152L, 402308332L, 771735892L, 282301202L, -286020192L, 
-2076837172L, 1847687776L, -192036926L, -800632024L, 627816876L, 
1255509308L, 932543346L, -1218462416L, -1527929052L, 1329268024L, 
1929316058L, -169787504L, -2105943300L, 573262740L, 1156129858L, 
-956992256L, -316835780L, -256934576L, -1540025182L, -677254328L, 
780427020L, 91594460L, -1128370350L, 270743168L, 975165524L, 
523183080L, 1343740666L, -2138782384L, -1789284564L, 159466356L, 
416019346L, 966042208L, -340805748L, 818132832L, -1602178078L, 
-1797133400L, 1382317260L, 1716468220L, 890185650L, 182695408L, 
1672287684L, -1791891112L, 2003705210L, 259005872L, 2106487740L, 
-2014855084L, -82276414L, -2063282144L, 867283132L, -1747613104L, 
-1302456350L, -1175699864L, -1935471028L, 1693131004L, 310405106L, 
-392985344L, 23647092L, -249409528L, -1664216646L, -711430704L, 
1155019756L, -2057614444L, 2101816274L, 726411104L, -1754513076L, 
447516960L, 2965378L, 992880360L, 392403180L, -841378244L, 1767207794L, 
592467568L, 885589028L, -1927626952L, 959871130L, -1895096624L, 
-1988617028L, -274576748L, 604148354L, -869646144L, -1163496132L, 
-1585350512L, -1312549342L, -2019601912L, -299213556L, 589779612L, 
-886798830L, -1984984704L, 1171241492L, -403943896L, -1304751814L, 
-308528176L, -1824915860L, 947450676L, -1020587374L, 168117600L, 
-879051444L, -918375456L, -1518891102L, -974577752L, 693888908L, 
-295195972L, -1627483278L, -1627002640L, 834585668L, 40306008L, 
-1530503110L, -2020183184L, 337310780L, 1681292052L, -562330174L, 
-1720681248L, 465133436L, -1141090608L, 907864738L, 1955972136L, 
-188600052L, 314358716L, 869031218L, -1028175936L, 1055340084L, 
-2065611832L, -642843462L, 2001428368L, -1236745748L, -2085940140L, 
1824246418L, 104196896L, -1632523828L, 1924396000L, 984485570L, 
-1865722328L, -961753428L, 1863089852L, 878363122L, -1716588240L, 
1712261284L, -549438792L, 1522153306L, 522210704L, 188816764L, 
-96138988L, -335608510L, 337793792L, 335954876L, 104330064L, 
897834274L, -589362872L, -1188766708L, 65410140L, 2135393490L, 
-1767246848L, -462756012L, -317859352L, -426335238L, 1410248792L, 
-977087370L, -1670259581L, 380988613L, 272239074L, -775647152L, 
1672638841L, 1991116459L, 1249816092L, -1776998070L, -1216640705L, 
-1165865079L, 599035806L, 1911168588L, 610043933L, -2094212697L, 
1697692880L, 1368628846L, 434710811L, -776525187L, 445861994L, 
1743158536L, -76691023L, 3931683L, -1140802780L, -1658147886L, 
656504871L, 1948365425L, -1007658826L, 113172564L, 1929904357L, 
-1529832209L, 394629160L, -1336523642L, -1922388301L, 1252814869L, 
1908482674L, -1683009856L, 416662313L, 1704391067L, -989182356L, 
-944010630L, -564614225L, -1310232903L, -902479666L, -62023140L, 
-85479027L, -1761099785L, 573055744L, -304424610L, 101653035L, 
1516999981L, 262588826L, 702146392L, 12668609L, 1100697971L, 
-1725465964L, -158433502L, 718178871L, 663781121L, -1468590586L, 
-776696764L, 672263541L, 217764063L, -348113864L, 141726742L, 
-1033202653L, 866628581L, -113396222L, 1510071408L, -1832449511L, 
-1552784373L, 753559292L, 1839718186L, 1661210975L, -1703524119L, 
-1088548866L, 567632876L, -1003354307L, -1612375289L, 1140585200L, 
978418318L, -2054343493L, -2036473699L, 707669066L, 1147369064L, 
-1927611823L, -1976440509L, 1706442820L, -2044521742L, 50281159L, 
-670893935L, -1761802730L, 2141791348L, 928177925L, 620817743L, 
-1732710584L, 571934438L, -839251949L, -1285148811L, 1894743890L, 
645683104L, -1655754103L, 1234581179L, 1524389132L, 814545050L, 
788839951L, -1520403879L, -2140088594L, 1267910012L, -787339795L, 
1007895191L, -934740640L, -1153939138L, -718917109L, 1442457229L, 
-462009414L, -2020744712L, 2018413985L, -626924717L, -991753612L, 
-1386132478L, 477126295L, -412997535L, 1363453094L, 1458115748L, 
-1756580523L, -1943470593L, -1339837288L, -1235869258L, 1443174979L, 
-352567419L, -1341539294L, -77091056L, -156357959L, 1832509291L, 
746577500L, 1001309066L, -962765953L, 650381001L, -1235923106L, 
-1853918196L, -1122872355L, 539801319L, -281069808L, -613112274L, 
